yday,density,n_deployments,date
141,7.692592915487017,21,2020-05-20
142,1.9543751445018709,46,2020-05-21
143,0.054345439807833684,49,2020-05-22
144,7.64688884647851,74,2020-05-23
145,0.7334127301497734,79,2020-05-24
146,2.0179287717641663,80,2020-05-25
147,0.643786684764764,80,2020-05-26
148,0.08546013802876858,80,2020-05-27
149,24.814877007391175,80,2020-05-28
150,0.6045422722157886,80,2020-05-29
151,1.4876736285221688,80,2020-05-30
152,0.27650669481400775,80,2020-05-31
153,0.0965771925564727,80,2020-06-01
154,2.5345309185515505,80,2020-06-02
155,9.688004799271448,80,2020-06-03
156,0.3831878512681601,80,2020-06-04
157,0.11175543232484977,80,2020-06-05
158,9.655097681844632,80,2020-06-06
159,0.027637000050005665,80,2020-06-07
160,0,80,2020-06-08
161,0.9679217994669682,80,2020-06-09
162,2.6870607610242176,80,2020-06-10
163,0.3363822665785836,80,2020-06-11
164,0.3344659088272623,80,2020-06-12
165,6.1024158353235185,80,2020-06-13
166,4.061000165358335,79,2020-06-14
167,0.24082907195325678,79,2020-06-15
168,0.27940601674249893,79,2020-06-16
169,2.4170049892574643,60,2020-06-17
170,0.645858587314854,59,2020-06-18
171,0.02109374231864129,26,2020-06-19
172,0,2,2020-06-20
173,0,2,2020-06-21
174,0,2,2020-06-22
175,0,2,2020-06-23
176,0,2,2020-06-24
177,0,2,2020-06-25
178,0,2,2020-06-26
179,0,2,2020-06-27
180,0,2,2020-06-28
181,0,2,2020-06-29
182,0,2,2020-06-30
183,0,2,2020-07-01
184,0,2,2020-07-02
185,0,2,2020-07-03
186,0,2,2020-07-04
187,0,2,2020-07-05
188,0,1,2020-07-06
189,0,1,2020-07-07
190,0,1,2020-07-08
191,0,1,2020-07-09
192,0,1,2020-07-10
193,0,1,2020-07-11
194,0,1,2020-07-12
195,0,1,2020-07-13
196,0,1,2020-07-14
197,0,1,2020-07-15
198,0,1,2020-07-16
199,0,1,2020-07-17
200,0,1,2020-07-18
201,0,1,2020-07-19
202,0,1,2020-07-20
203,0,1,2020-07-21
